i25	1	0		23	    0.02557		60.00011
i25	2	398647		23	    0.02164		60.00002
i25	3	839458745		23	    3.45591		60.00009
##################################################################
i100	1	0		100	    0.00006		60.00076
i100	2	398647		100	    0.00006		60.00078
i100	3	839458745		100	    0.00006		60.00046
##################################################################
i250	1	0		250	    0.50093		60.00498
i250	2	398647		250	    1.09572		60.00183
i250	3	839458745		250	    1.01580		60.00282
##################################################################
i500	1	0		496	    10.97805		60.02227
i500	2	398647		492	    7.80551		60.00888
i500	3	839458745		496	    7.40785		60.00937
##################################################################
i750	1	0		723	    56.46305		60.04848
i750	2	398647		712	    45.48400		60.03446
i750	3	839458745		719	    28.05376		60.02460
##################################################################
i1000	1	0		870	    120.02100		120.15784
i1000	2	398647		882	    120.02128		120.15707
i1000	3	839458745		883	    120.02742		120.16435
##################################################################
i13206  1   0       9214    1820.28306     1840.67660
i13206  2   398647      9318    1869.4887      1889.94103
i13206  3   839458745       9301    1803.34608     1823.75856
##################################################################
i13206p8  1   0       9679      1807.48527      1849.28259
i13206p8  2   398647      9748      1807.31197      1849.19997
i13206p8  3   839458745       9743      1807.14876      1848.87500
##################################################################